R2 = 10;
R3 = 10;
R1 = 80.91;
R4 = 80.91;
RL = 181.82; % Sum of all R
C = 1/((2*pi)*1000*181.82);